11111111. Π

3111111111111111111111111111 111 111 11111111111111111111111,
1111 111. 111 111 111111111111 einiger &rilem 111111 111 111111
11111 1111111111111 11111111 111, 111111 111 1111111 1111111111
111 111 111 Veneta 2. 11111111 1111111111111111511 11111
1111111111, 11 1111 1111111111 einen 1111111111 1111111111 111
1111111111 1111, 1111 1111 11111111 1111111 111111 111 11111111111111
111. 1111111111 1111111111 (11), 111111 111 111111 11111111 11111,
1111111111111111 1111111 (1111111111111111111111 11111 11111111
1111111111, 11111111111111111. 11111111 1818. Q 52.) 111 111
111111 111111111111111 111111 Cai Plinii Secundi Veronensis
liber illustrium virorum 11111111111111. ImpressumWenetlls
anno Domini MCCCCLXXXX die vero Xllll lanuarii. 111 111 ’
11111111 1111111111 1111111111 11111111 1111111111 (in 4.) 1111111111
111 1111111, 1111111111111111111111, 111 1111111 11 11111111
111111111111111111 11111111, 111 1111 11111111111111111 1111111
, 771111 1111111. 1111 1111111 1111 111 11111111111111111111111
(1.), 1111111111111111111111111111111111111111 11 1111111111
1111 1111111111 (114.) 1111111111 111 11111111111111 1111111111
1111 (1111111 111 1111111111111, 11111111111111111111111111,
1111111111111111111111 111(1111111111111111111111(1111111117)
1111111111111111 11. 11111111 111 111111 Plinii Secundi Junio-
ris liber illustrium virorum, 111111 1111111 11111 Gratiae.
verbo incarnato 1511, mie 11111111 11111111 1111 1111111111 nit
N. 11111, 11111 1111111 (1111111111) &leiim 1111111111111
1111111 11111111111 111111111111111111111111111.

¹ 111111 111 111 111 11111111111111111111111111 1111111111.
1111111 111111 1111111111 11111 1111111 11 11111111 111111 111 111

11111 111 1111111111 111 111111 111 11111111111111 1111111111 “

111111 111, mie 11 111111,11111111 1111111111) 1111111111 111, 111111
111 1111111111 11111111 111, 111 11111111111111111111 111 1111111111
1111 11111 111111111111111111 11 1111111111, 11 1111111111111
1111111111 111111, 11111 11 1111111111 1111111, 111 111 11 1111111
111 (1111111111 1111311111 1111111, 111111111111111 111111 11
1111111111 111 111 1111111111 11111111, 11111 11111111111111111
mit 111 111111111113111111111 111 (11111111 11 1111111, 111111
111111 1111111 111111111111, 1111 1111111111111111, 3.) 111
1111111111, 1111111 11111111 11111 11111111111111111.

 

