55555555. Ι5555 ’

6555555 {iit 5555 5555555555 5555555 5555555 55555555, ist 555 55555555
555 5555555 (5555555 1832) 55555 555555555555 555 5555555555
55555555 in 0. 5, 5. 5, 5. 5, 5, 55, 4. 55, 5. 55, 5. 55, 5. 55, 5.
5555555555. 55555555 55555 [55555 555555555555 555 6555555555
555 55555 55 55555555, 5555555 555 5555555555, 55555 55 555 5555555555
55555 55555555 5555555555 5555555, 5555 55555555 555 5555555555 55555
5555 5555555555 55555555 555 5555555555 355555 55555555 5555555555
thie 5555555555 55555. &r 555 555555 5555555555, 555 555 5555 5555555,
55555 6555555, mit 5555555555 555 555555, 555 5555555555 5555555ι

5555 555 555 5555555555 (55555555 55555 5555555555 5555555555 555555,

55 555 555555 555 55555555 &inne 55555555555555, 5555 55555 555555

5555555555555 5555 555 ς5555555555, 555 5555555555 55 555555 55555555

555.

f 55555 555 5555555 5555555, ’55 55555555 5555 555 5555 585. nicht 5555
f

5555, 5555555555555 5555555555 555 5555555 er 555 555) 55 5555 5555
55555555 55555555τί55 55555555 5555555555 5555555, 55555 555 555555 555·
5555555 55555555555555555555555 5555555555 55 555555 5555555, 555 555
555 555ῐὶ5555 555555 555 555 55555555 ,55555555 555 55555555 5555555555
555 555555. ’ -

555 555 &hott 5555555555 5555555555 (55 55555 55555 5555
555555 555 5555555 5555 555555 555555) 55555 5555, 5555 555 555555 555
&tutet 5555555555, 555 555 55555555555555 555555 5555555555 555
5555 555555555ῑί5) 555555. 555 55555555 555555, 5555555 55555555 inter:
555555, 5555 5555555555 55555 555 555 Codices, 555 55555555 555 55555
55555555 5555555555 55555 55 555555 5555555 55555555 5555 555555 555
5555 55555555 55555555555 55555555 5555555555. 55555 555 55555555
555 7555555555, 555 55555555 5555 555555 5555555555 55555555
55555 (555 55555555 555 55 55555), 5555555 555 5555 555) 55555555 55555
5555 5555, [o 555 55555555 mie quinque, quatuor, duo scripti, ⁵·
unus codex 555 55555. 5555 5555555555 5555555, 55555 5555 55555555
(555555555555 555555 55555555 55555555 5555555 555555, 5555 55 5555 555
5555, 555 555 5555 55555 55555 555555 55555 555, 555 5555555555 5555
, mit 555 55555 55555555 5555 55555555, 555 555555 555 55555 555555
55555555. 555 5555555555 5555555555 555 555 55555555 55555 555555
5555555555 555555 555 5555 5555 55555 55555555, 5555 55555 febr 55555
&tutte ermotbe113 5555 5555555, 55555 35555555555555, mie 555 555
555. 5555555555 555, 5555 555555 555555555555555 55555555 55 555555 ⁴

 

