184

Aquae Sextiae, 81111111 1111111111-
111111111111111111 67,1.
‚ 1113118111111118181111111118111
ι111181111111111 10, 5.
aru, ae, f. 111 111111. ς111111 11111111
&inguar 17, 3. 41,1. (1811111.)
Arabicus, u, um, 11111111), Arabicum
11111, 111 11111111 8111111111, 111
11111 11111111 111 1111111111, 111 1111
1111111111111111111 77, 7.
Arabs, 111111, 1111111111 77, 6.
11111111, orum, m. 1118111118111
⁸¹33}st 81181111 111-8111
11111111, ivi, itum 3. 1111111111 111
Ι auxilium, 4 11.-11111111111,1111
begu 1511111 11, 1. 46,1. -11111111
, .
1111111111, m. 1111111111 1111111
8111111111εό 75, 7. 76, 5.
1111111111, . 111 1111111111 3, 3.
arcus, us, · 111 111111 53,1.
Ατὸἱὸἱι, 33, l. utut 111 11111111 8, 5.
1 · 1 ·
argentarius, 1, um, 11181111
((8111) 1111111111 - ar eutarium
{n13burteu71127 ἓ11111,111ώ111111181111
11111 .
1111111111,ἱ,’11.111811111 51111.
Argi, orum, m. 111111, 1111111111
111 11111111 111 1111111111 35,18.
urguo, 11, 11111113. 1118181311. 1111-
terveruue pecuniae 33,
111. 14, 5., mit quusi 1111111111 71,
1111811111.) .
Ariobarziues, 1111111119 1111 11111111
111111 7111.
arma, orum, 11. 111 1111 11 11111111
,1119111 111. 1,1. u, 11.
Armenia, 11, f. 111111111111111111111,
1118871411, 1111111111 111 1111111111
1111 , .
11111111, 11].111111111111, 11111111
111118121111111111 11,1. 65,5. 111

Aquae Sextiae -' 111111·

Aruns, 1111, &obn 111 1111111 81111111
111161111111 18, 8.

ετξ, ⁰2¹⁸} f. 1181118111 11.

ascendo, 111, sum, 3. 111111111111, 111
1111111 14, 4. a. muros 58, 3.

111111,11111, itum, 3. 1111 11111111,
1111111111 1111.

Amulium, u, um, 111 &taut 1111111111
11 111111111111111111111 betunen&
1111111111 defectio, 1111111111 111
81111 1111111111 65, 7. .

1111111111,Ῑῖ 54 3. 1149. 70,1. 75,
1. 11, 3, 111. 111. 1111111
1111181111 1111111 111 1111111111
1811111111 1111111, 111111111111
1111111111, 1111 111 uiuum, 1111
&utun (81, 4. (111111.) 1111111111.

Asiaticus, 81111111 1111. 8111111111
8111111153. 55,1. 57,1.

aspectus, 11, m. 111 11111111, 111 11111
11111111 49, 8.

aspis, 1111, f. 111 1111111, 111111 8113.

assideo, 11111, sessum 1. 111 11111111
ἕξει, 111111 (11111) 3111. 11111

111θί911111, 111111. 111111111,1111111111111
, .

ussum, affui, 11111111, 9191111181
11111 alicui, 1111111111, 11 1111311111
1111111 111.

1111111,11]1111, sumtum 3. 1111111115
1111. 1111111111 111111 generum,
31111 gum 8111111111 1111111

,1111 811⁵ 7, 4

assurgu, ἱ111,11111113.ῃ11101 (111111)

1111111111,11111111111111111’111 311
1111111111, 11111111 1, l.

Athenae, urum, f. 11111111μξ111111111111
ἓῖηἳ111ἑ1911111 8111111111 75, 7.

11111 11111111 111. uuum uo-
5111111140.

111,1,1,5ιο111]’. 1111 6, 5. 31, l. 71, 7.

Attalus, 1, 81111 111 1111111111 11
8111111111 114, 5.

1111111111111111 1111111111 1111 Attius Navius, 111 1111111111 1111111
111111111111111 1811111111ᾎ1111 71, 11, 7.
{⁸- (bgtbtidu) 1111111111 7 , 11111. 1116137ξῖ11, , 111 111111 1118111111
11111. , . , .
aro 1. 1111111, 111111 17, 1. 1111111111,1 um (11111111) 11111111, 111
Arpinus, 11111 11111. 1111 1111111111, 1111111111 1111.
11111811111111111111, 11111111 87, auctor, 1111, m. 1111111111, 8111111111
1. 81,1. a. medis 78,10. conjurationis 83,
1111111,11111,11111113.111111111111, 5, - 111 1111111111, 1111111111, 1811
1111111111 13,1. 1111111111, 111111311111111- 11
111, 111, f. 1111111111 8, 7. - 111 1111118111Ἇ11111111114βμ ι
3111111111, 1111111 1111, 8. 1111111111 1111οέ3111111111111,11
artus, us, 111 11181111 181. 1111111181111111111111111 1111111111

 

