Numida- occultus' - αἱ 169

6, 7. 75, 11. - 414 4114444 19, 4. nuptiae, orum,f.bioboitotb, (4144 4,3.
(f. 64414444.) nuptos, ιιι, m. oie 4441441144 filios
Numida, 44, m, 444 4144441444, uio: nuptui solenni 1444444, 414 3444144
444444414461444 661. 1414411414 4444414144 59, 4.
11441114444141444414144,4141144144 noros, os, f. 414 644144444444144,
44144 1441444414114, 4441141444 44144414 &chnut 9, 4.
144144444114414444 621. 67,1. 44444444,44444.414444444144444444443
77, 4. . Romulus 213.
11444141444ὥ4ἰ44444444449644411144 444141. 4114444, - 44444144, uu 44414
Metellus o. 64. 73, 8. [tint cum 41414414 nutaret 16, 4.
Numitor, 4414, (6441444444414144444 nutrix, icis, f. 4141144444, 4114414414
144 444 4144444 1, 4, 75,1.
uano, Aoo. 44414 nuno—oum, 1441- Nympho, 44, f. 4144144444, 4144461114
1444, 4414 - 4414 11, 6. 4144 44144444 41444444 441 444 (54144444
nonquam, Ado. 41444411 49, 4. 444 4144444444 3, 4.

0.

414, Pro ,4444444444Ρ44444141444 414114 44444444 o. curiam 68, 4.
114. 46444444.) 46, 3. ob hooc muro obsedit, 44 44446414 fid) 441441
48, 5. 56, 6. 414 quoo 51, 3. - 44444 444 41144444 84,1.

444 444444. 16,1. 19,1. 43, 5. 4444444444144443.4414444444414444,
4141. 34, 1. 3316. 40, 4. 43,Ι 5. 4144444444 - 444444441444444441441
58, 8. 61, 3. 69, 4. 11,1. 741, 411441 141144 58, 3.

10. 826. 41411444,41,4414444.1444144444,444

41444,14144411,114444. 4144444444. - 11444 718. 79, 3. - 4414411444, bo
- o. diem (supremum), 4444 14 ten 4141141444 o. censuram 34, 9.
444441144444416444, 1144444 15, 6, 4144444444, 41, tom 4. 444444, 4444444

objicio, joci, jectum 3. 4446441444 ο. “ 14444 ·- o. ulicui collum, Sembm 4441
aliquem elephanto 66, 6. 44414444441444, 4. 14. ibn 4444111444

obligo 1. 4444414444, 4444614444 o. 44 beo 1141414 141144 66, 9.
ahquom 1444411414- 39, 4. obtrectator, oris, m. 444 414464144444,

obnoxios, 4, um, untetuotfeo, oussgo 4141444 .14, 6.

14414 4141441444 13, 4, 41411414τί4. 414νὸ414, voni, 44414444. 4444414444 ,

4144444 1. logi, 444414 444 4144144144 4444, 44444444, 44344114444444.- “
444145 94414444 4111 4114444 4444434411 somnio mihi obvenit (4144444444.
1444444 44444 1144444144 ciuem 64144 4. Ios), 44 44144 mit 1444 11444444 414
44444444414144, 441441444444 4414 6441144444 gu 314411, 44 44144444 44414,
14144444144444 65, 5. 131. 4414144. 46, 4.

obruo, 41, utum 3. 4444146444, bo 4144144, o, om, 44144444144444444, be:
444444, 4444144144 4, 6. . 44444444 15,1. a- obvium 1441444 .

4144441414, o. 414 (341141, 4144 olo uo: olqm, 414444444144414444444 4, 8. ,
totototo 41444444 44441444 obsidem obvolvo, vi, soom 3. 4444611444 4. 44-

41444446ἰηεῖ4146,5444144644’ 4514644444, 44611444 ,5844146 f. 414 411444444441444,
41414144144,44444144141144 441444 14, 4146144444 occidione perire, 414444
l. 17,1. 43, l. 5. 37, 4. 39, 3. 1144441414,414444444444444444441
4. 19, 4. 14, 4. 4141. 41441414. 14, 4.

obsidio, 14414, f. 414 441444444441144 occido, 141, uisum, (4444414) 3. nubet:
1444 8, 5. 43, 3. 444444444441411444 444444, 1444444, 4444444444 1, 4. 4, 8.
volume 58, 4. 441 mohoioiooeli- 7, 4. 8,1. 1016. 144, 17 5.
horare 1711. 46, 3 solvere 74, 5. 19, 4. 48, 3. ’39, 4. 3'5, 4. (³5,-

444141441114,4, 4441414444444, uto 13.) 54, 5. 51, 4. 65, 5. 69, 4.
1144464144414445 -444444414414114- 77,19. 714919. 85, 4. -14144- .
nolio, 414 4844444444414444, 4144 4441444 44411444, 41441144 4414414444
44444 444 (4444 gut 1441444444 443 43, 9. - 44 4444 semet occidero
4414144444, 44414444 414 4144414414144443 9, 4. (f. 64444444.) -70, 4. 86, 4.

644444444144 41411414 4411441-44441144,44,4444(444414,4141,411444 “

λ hotto 14441. 6444444. 58, 4. (46, 3.) 3.),444644444,1441444114144 ,444411444-
uodo, 44414, aeonum 3, 34144444, m domuo 61), 7.

 

