, 'amplus - aqua 133

amplus, 1, 11111, 16611, 6661, 666166ἰῖ, 1111116111,1, 1166611661666 6666166166

Ἴ 616111666116666161116111116166174, . 16 6611661 66, 3.

Q 11161161. 6116οηί61161, 6, um, 6111 116166166 be:
1161611611,1. 6. 16611611, 11161 1611666663 Antoniani
111, Gonj. 6616116 61666 (3666616666 16111161,66166661166656616166 84.

11661611 666666 61 666616 1316661661·
666666666666116611, 6666666661 4.’86,3.’ ’ ' · '
1666 6116666 &uei 6661666666 6666 anxius, 6, um, 1111611616, in 1116616666
6166161616 16 nurum dolo 611 scelere 6611, 1166666611 ut (1616) 66, 1.

Caepionis paratum, 666 hurd) Qu: Apollo, 11111, 611. 616 6611 6161661611 6116

6166, 1616 166161 166661 61116666 51661666 66666616661666661661116

8166616 6616666666 16616 13, 51 6666 3111.

(1. 6. 666116.) apparatus, 61, m. 616 5661111666, Qut:
11111111,16, f. 616 611666, 61166111 6666116666 6116111 68 3.

9, 6. uppremo, ui, itum 6. 6616161666, 161111

unauna, 1161. 666661661661166 66 666, 66666166 6666611 16, 3. 1661
66666116166616666 69, 4. ,6366161616 16161666 58,10.

611611Μ611161 6. 3. 6, 5. 10. up ello 1. 6166666, 666666 6, 11. 16,

Andriscus, 16611 111666666616666 (666 14. 4, 9. 64, 4.

161116661166666) 6166116116 666 niu 6116111166 66611666666116616, 666

6666 1166161116, 666 161 1111116666 666 666166 666166 61666166 (16666

666666 666 66616661 6666666616 66661666 34,1. (1. 661661.)

661616 666666 61, 1. Appius, 6661116666 1116661616, 661666666

anguis, 11, 1166161661161166 66, 6. 3. 666 gens Claudia. 1166166 61666166
51, 4. 666 1166661616 61, 6. 1166166 ulau:

111 11161,16,1. 6166666, 6616666616 6166 61666 c. 34. 666166 61666166

6161 locurum angustia, 616 1861, (1166616631. 6166166 (11666166 1166

11))1616ἒῖ6116111163111111161566161161 6666116,81ἳ61;11116111 3. 6111611666 1161166,

1116616, 666661 66,1. 39, 3. 1616651616116616116116111161,1611

animus, i, m. 666 61611176, 1. - &u 666 6166611666 61616 36666 661616
61666, 66166666,666661166 1,15. 60, 1.

Anio, 61111, , m. 6666661161 666 61666, ap 1611111116,111,11611,3.6666116666
1611 1166666661 1616 ein Adject. 6111 1611611 16, 3. 1166616616611161161-
aquauetbunben 33, 9. 134, 7.] reu, 661666 38,1.

61111666, 111, f, (666 1611611616 661666 16ξ1661116661.16661666361166166
1ῃῖ-8661ε1611166611116661118611Μ ⁷¹ «1611166161 (11.) 63, 4,

11166161 (66. 6116161) ἰ, 611. bet 311116 1611616161 (11.)86161·1111161 c. 73. 67, 3.
6, 6. 46, 6. 77,13. Αρρ616161611(6316116166,6. 73,1.6.

1611661611. 66636116 3, l. 66116, 6111 apud, Prutp. 6616 apudRegillilucum
3611616116 19,7. (1. 66616116 unte 16,1.; aud 0111111111 46, 4.; 6.
anuos, 666 6661 6616166166 utet Mutinam ,6.;6. duumviros 4, 9.
49, 1611. 666611 58, 5. - 666, 16 31666 (66 66166666 6 ud

6116111113’166611111161 1611116666·6111111166
36616 61666616166661 annuis 'vici- 611 6161161116, 666 1161 616666 uta
1161 1,1. 1666 6666 66136166, 11111166 68,

1111161,6ιί1,111.66661666 64, 4. 13. apud Romano· — Albanus,

11116,Ρ16ε . 666; 6111611161 1. 111- 661661666666316666-51666164, 5.

. 161ς666611166611666 ro, 1. 661661. 1116111,66116611611661616611161661

1611,1.-6111616 1116166616. 1116 48, 6.

66166,Α116.6661166 76, 8. 11611161,1,111.666116611’66 361. .

Autumnus, itin, 116. 6661116166. uquu, 66, g 666 11861166 1,·6, 6, 6, 33,
&abt 6666611161 16 8611661 [·, 5.. 9. 34, . aqua 11 15111 1161111666

autequam(ante quummuot, 666 4611. alicui, 6166166166 3661666661 6666161

Anti 111161 35 1. 666616 6661661666 666 6666661111.
4116661161, 66616 6111 666166 46, 5. 161 6666116666) 6666616616, 66666 666
41116. 66, 6. 654. 561. - 616 6111661166ηὲ666616116666 11666 6611

6166661166 1161161616 ’86 16661161 1,6.

 

