si -· somnus ι 135

ei, 0111. 111111 11111 11111 2111111111 1111111111111,1111111111111111
1111111111 111 oratio obliqua 36, (1111.111111)1111119,6.
4. - einen 1111111111111 nisi 411, Sipylus, i, m. 111 1311111 111 1311111
1, 1111111111 1111111111 111111111111
sibyllinus, 1, um (Sibylla), 111111 53,1. 54,5
6111111, 1111111111111111 1911111111, situs, 1111 (11111, 111111111,1111111;
11111111111 111181111ἱί11, 111 111111 111 31111111 11111111 49, 6.
1111111191111, 1111111111 61111111 1111, 01111. 1111; (111-111111.)
1111111111 111 111 1111111111111 111-11111111-1111111111) 9,·
3111111111111119111111111111111 8. 7,16. eive-seu 61111.
1111111111111111 46,1. smyrne, 11, t. 91111111 11 311111
111, 11111. 11 13, 4. 9116. 33, 3. 619.
’39311391131611111139 961319111319111111119
insieco l, 9. Ι socer, 1111111. 1119111111111111 9111.
Sicilia, ae, f. 111 3111191111111111 11111111, e, 111911111111111111111111
111111111111111119111111 19, 9. 35, 11111 bellum 1111111, 111 11111111
8. 37, 4. 39, 9. 41, l. 9. 47,1. 111111111111 63,1. 7115. 76, 9.
73, 5. 77,1. 81, 9. 84,1, 1111ὅ111,1111,1.1119111111111,1611
8111111111, um, 1111111111 fretum Sicu· 1111111111, (9111ὼῇ1111 66, 10. -
lum, bie 9111111111 von &tmen 1111111111111111111111111111,91111111
79, 9. 11131111111111111111111149,11.
1111111111, 1115111111 9, 9. -1111 socius, i, m. 111 (3111111, 9111111111
111111111111111111111) 79, 4.-111 11111111 1111111 111 1111 49,1,· 11.
9111111111, &terne 43, 6. 59, 9. 11111111 - 11111, 111 1111111111,
69, 3. 74, 7. 9111111111111 39, 3. -111 Qun:
Silo, 1111 (0111111111), 1111111111 111 1111111111 79, ll.
91111111 80,1. 11111111, 11, c. 111911111111111111, 3111111
11111,11,1.111111111 5, 9. 1111111 51, 5.
Silvia (Rea) 1,1. 111,11111,11.1119111111 99, 9. [35,
11111111,1,1111111111 5,1. 19, 4. 68, 9. 15.] 78,10.
similitude, 11ιί1, f. 111111111111111 7, solemnis, e, 111111111111111111111, fib:
16. 11111 solemnia 111111 97, 3.- 11111
111111111111,1,11, (similis) 1112111111, 11111, 1111111111 solemni nuptui 111111
91111, 91111111 99, 9. 46, 3. locare 5119. 9111111111.
1111111111.(ἀΙ111111111111111111),111191111111 11111,ἰ1119.1)111111 47,ss
1111111111 1111111111, 1111114111 1111111111111, f. 111 (1111111111, 911111
efugem, 11111 1111111, 111 11 1111111 1111111111, (111111 33, 9. 59, 1.
11111111 1111111 4, 7. 1111111, 11111 111111111111191111 85, 5.
611111911111111111111 9, 9. 1.111111111.11111111111111111,111ε
- transfugium, 11161111111111111111 1111 1111111 Romam sollicitatus,
11111111 1111111111, 111 1111111111 111111111111111111111111191111 111
1111111 8, 9.- 1111 1111 Α11111. 1. 1111111111 47, ,411111 1111111111,
1111111111 3, 9. 86, 3. -11111111- 111111111 81, 4. [11111111 35, 11].
tue, 1, 1111111111 36, 9. Solo, 1111, 61111, 11111111111131111ι
1111111111, itis, s. (simul) (111 1111111111 111111111111, 11111 111 ,111111 119111
1111, 11111111111111 91111111111111 111611111111111 91,1.
11111111111111 111111111111
7111. Θ. 111τῖ P 11111,1,111,1611111 1111111111111
1111,Ρ11111.1111111.1111 25,L 1. 11111 sustinuit 111. 11111 pro·
,111111 77,1. &bellum 1111119111.
singularis, e, 1111111, 111 1111111111 11111111111113. 11111,11111111,11ε
1111111111 singulare certamen, 111 111111. 1. obsidione, 11111111 74, 4.
3111111111 16, 6. 111111 singulare - morbo solvi, 11 111111111111111
proelium 9, 1. 45,1. 58, 9. - 11111113,3. .
111111, 111111111111 49, 5. 1111111111, 1. 1111111111 7, 16. 96,
, 111111111111111111111,1111111111 4. 5.
111111) 4, 7. 47, 9 11111111111116111111. 1111111111-
sinister, 111,11111,11111 1111111111· 11111111 96, 1. Q opprimo.

 

